{
 "frames": [
  {
   "file_path": "./medical/cardiac/0000.png",
   "transform_matrix": [
    [
     0.9893308066311123,
     0.02570656831454243,
     0.14340058366730216,
     -13.135698168675063
    ],
    [
     0.14396683068283547,
     -0.02171775741033233,
     -0.9893441720029514,
     149.58093051283515
    ],
    [
     -0.02231830445560175,
     0.9994335952721201,
     -0.02518693962495943,
     -0.280499850927896
    ]
   ]
  },
  {
   "file_path": "./medical/cardiac/0001.png",
   "transform_matrix": [
    [
     0.9996002441681789,
     0.02697342323546204,
     0.00847267949810723,
     -2.895924602561635
    ],
    [
     0.007411435134571413,
     0.03920380225120188,
     -0.9992037492515201,
     156.6801469061414
    ],
    [
     -0.02728410687860334,
     0.9988671064400956,
     0.038988218525955444,
     -4.664314730516168
    ]
   ]
  },
  {
   "file_path": "./medical/cardiac/0002.png",
   "transform_matrix": [
    [
     0.9726527505107847,
     0.024614666965783315,
     -0.23095615405087067,
     18.938300279985683
    ],
    [
     -0.23167651225274594,
     0.032130263572837624,
     -0.9722621250635776,
     173.99525728974783
    ],
    [
     -0.016511226308461368,
     0.9991805464143624,
     0.036954229431652476,
     -5.190198098963094
    ]
   ]
  },
  {
   "file_path": "./medical/cardiac/0003.png",
   "transform_matrix": [
    [
     0.9952191468994966,
     0.015717508094884307,
     -0.096394032926972,
     7.101413912248631
    ],
    [
     -0.09694811829638449,
     0.03944991149154299,
     -0.9945072985363657,
     164.8501660656698
    ],
    [
     -0.011828440447884935,
     0.9990979253419539,
     0.04078509009398122,
     -6.080552024212949
    ]
   ]
  },
  {
   "file_path": "./medical/cardiac/0004.png",
   "transform_matrix": [
    [
     0.9800036379564713,
     0.03512910692783132,
     0.19585406668878255,
     -16.69841091921228
    ],
    [
     0.19626317906562432,
     -0.008568716120687835,
     -0.9805138151230192,
     144.221672027325
    ],
    [
     -0.03276635675713393,
     0.999346047648409,
     -0.015291923174282735,
     -0.6114963289606408
    ]
   ]
  },
  {
   "file_path": "./medical/cardiac/0005.png",
   "transform_matrix": [
    [
     0.9565243680296008,
     0.01620848669327672,
     -0.29120167981089345,
     26.78911502350882
    ],
    [
     -0.29150314773114566,
     0.021190746933361697,
     -0.9563351228033194,
     179.23175244091863
    ],
    [
     -0.009329964008828294,
     0.9996440552534286,
     0.024994290709557557,
     -5.180998182276426
    ]
   ]
  },
  {
   "file_path": "./medical/cardiac/0006.png",
   "transform_matrix": [
    [
     0.9785311851309602,
     0.01726919647146219,
     0.20537403579671173,
     -15.226839109508077
    ],
    [
     0.20555711031993895,
     -0.009575787297157285,
     -0.9785982723746021,
     143.6516273284346
    ],
    [
     -0.014932987749122389,
     0.9998050205669454,
     -0.012920012616670388,
     -1.760683610978873
    ]
   ]
  },
  {
   "file_path": "./medical/cardiac/0007.png",
   "transform_matrix": [
    [
     0.910442646017027,
     0.026392993973888324,
     0.4127924395899335,
     -27.888189702566237
    ],
    [
     0.41352399482399765,
     -0.03492407666291714,
     -0.9098231776417025,
     122.06960071559735
    ],
    [
     -0.009596562838689936,
     0.9990413999121045,
     -0.04271050507013579,
     -0.45614384023825494
    ]
   ]
  },
  {
   "file_path": "./medical/cardiac/0008.png",
   "transform_matrix": [
    [
     0.9416924174770005,
     0.024623705964222444,
     0.3355727402083038,
     -23.998094418733587
    ],
    [
     0.33606298719619954,
     -0.01949355847130588,
     -0.9416377593400199,
     129.97961866883756
    ],
    [
     -0.016645104478170997,
     0.9995067154765461,
     -0.026632052384250742,
     -1.2574744412139438
    ]
   ]
  },
  {
   "file_path": "./medical/cardiac/0009.png",
   "transform_matrix": [
    [
     0.933261437413496,
     0.014440605691282233,
     -0.35890745094545523,
     33.660043691710236
    ],
    [
     -0.35905429781066533,
     0.00925905901119268,
     -0.9332707437019107,
     182.7842139212405
    ],
    [
     -0.01015384954514831,
     0.9998528585414435,
     0.013826084258326096,
     -4.143540341825826
    ]
   ]
  },
  {
   "file_path": "./medical/cardiac/0010.png",
   "transform_matrix": [
    [
     0.9888299247701611,
     0.00826779959577733,
     -0.14881876013756284,
     12.880414095334032
    ],
    [
     -0.14899235358438015,
     0.02748901355034168,
     -0.9884561865390981,
     169.84479259097157
    ],
    [
     -0.004081476745545043,
     0.9995879139044616,
     0.02841379812172916,
     -6.045076487858495
    ]
   ]
  },
  {
   "file_path": "./medical/cardiac/0011.png",
   "transform_matrix": [
    [
     0.9983796972099023,
     0.0223278749394772,
     0.052339719140927575,
     -5.3088347936392495
    ],
    [
     0.052926754522289655,
     -0.026564749824144893,
     -0.9982449963423393,
     157.68734241399633
    ],
    [
     -0.02089829789244589,
     0.9993977086563026,
     -0.027703448841812688,
     -0.10795017698092124
    ]
   ]
  },
  {
   "file_path": "./medical/cardiac/0012.png",
   "transform_matrix": [
    [
     0.9946571624531384,
     0.017609534700819333,
     0.1017203689940796,
     -8.855727592543502
    ],
    [
     0.10239460319406703,
     -0.04293828521912638,
     -0.9938167078989821,
     154.74149486211832
    ],
    [
     -0.01313295158753858,
     0.9989225234972241,
     -0.04451199425478233,
     0.23112858892355348
    ]
   ]
  },
  {
   "file_path": "./medical/cardiac/0013.png",
   "transform_matrix": [
    [
     0.9782182157378478,
     0.01228443946825156,
     -0.20721538298498107,
     18.53976355236051
    ],
    [
     -0.2074936079509339,
     0.029203619852906176,
     -0.9778003636975143,
     173.34576521512253
    ],
    [
     -0.005960290107508725,
     0.9994979945624896,
     0.03111645557251862,
     -6.092883673026705
    ]
   ]
  },
  {
   "file_path": "./medical/cardiac/0014.png",
   "transform_matrix": [
    [
     0.9662040497256698,
     0.013290831150801726,
     -0.2574355999100285,
     23.26914846793141
    ],
    [
     -0.2576522984512805,
     0.018551351595180766,
     -0.9660595946714489,
     176.74645394733005
    ],
    [
     -0.00806395662734296,
     0.9997395666678959,
     0.021348804233480366,
     -5.081686890201183
    ]
   ]
  },
  {
   "file_path": "./medical/cardiac/0015.png",
   "transform_matrix": [
    [
     0.9517577472790142,
     0.00894020657106561,
     -0.30672017084118003,
     28.737675441203464
    ],
    [
     -0.3068497512267093,
     0.025616972285484315,
     -0.9514131599379057,
     179.02405962098248
    ],
    [
     -0.0006485880684376374,
     0.9996318539529401,
     0.027124451996788368,
     -6.191273614410676
    ]
   ]
  },
  {
   "file_path": "./medical/cardiac/0016.png",
   "transform_matrix": [
    [
     0.9933271705867905,
     0.016701311787689306,
     -0.11411484723125587,
     9.349948987974656
    ],
    [
     -0.1137177377741526,
     -0.02306006070711094,
     -0.9932454428366203,
     170.11026159784973
    ],
    [
     -0.01921999712725138,
     0.9995945677047048,
     -0.021006949461397313,
     -1.198052917955522
    ]
   ]
  },
  {
   "file_path": "./medical/cardiac/0017.png",
   "transform_matrix": [
    [
     0.9377370860831258,
     0.013562988063078098,
     -0.3470809743260613,
     32.841583041127805
    ],
    [
     -0.3473410858478628,
     0.03136815212791485,
     -0.93721406792371,
     179.58715628571463
    ],
    [
     -0.0018241344124333466,
     0.9994158715904407,
     0.03412606257341423,
     -6.907191134056745
    ]
   ]
  },
  {
   "file_path": "./medical/cardiac/0018.png",
   "transform_matrix": [
    [
     0.956705073675704,
     0.015999142138990986,
     -0.2906190452361707,
     26.70887988235885
    ],
    [
     -0.2909620571999369,
     0.026789006863569657,
     -0.9563594671363085,
     177.1960415294706
    ],
    [
     -0.007515535453167644,
     0.9995130697304966,
     0.03028432209530535,
     -6.029700519236769
    ]
   ]
  },
  {
   "file_path": "./medical/cardiac/0019.png",
   "transform_matrix": [
    [
     0.9528281343840737,
     0.013508600132522128,
     -0.3032096041497126,
     28.53321023923086
    ],
    [
     -0.3034609615360818,
     0.024375734159406092,
     -0.9525320301217104,
     178.23611304524786
    ],
    [
     -0.0054764176030015505,
     0.99961159522419,
     0.027325218088570653,
     -6.122413798887322
    ]
   ]
  },
  {
   "file_path": "./medical/cardiac/0020.png",
   "transform_matrix": [
    [
     0.9794375831794633,
     0.006607148979294716,
     -0.20163919816825704,
     18.803991803458075
    ],
    [
     -0.2015803789579636,
     -0.00861313579073445,
     -0.9794341043230086,
     174.30994955366924
    ],
    [
     -0.008208012837222214,
     0.9999410780012068,
     -0.007104157307395538,
     -3.4148813134697775
    ]
   ]
  },
  {
   "file_path": "./medical/cardiac/0021.png",
   "transform_matrix": [
    [
     0.991383738341691,
     0.017755370733214974,
     -0.12978070026694583,
     10.737370853975662
    ],
    [
     -0.12932829495856796,
     -0.024620102700284745,
     -0.9912961427677083,
     170.9179041239336
    ],
    [
     -0.020796044690333734,
     0.9995391925048027,
     -0.022111697630080685,
     -1.382263888503644
    ]
   ]
  },
  {
   "file_path": "./medical/cardiac/0022.png",
   "transform_matrix": [
    [
     0.9624021565457711,
     -0.0028996157046812148,
     -0.2716131095967468,
     25.583323781401234
    ],
    [
     -0.2714023413106587,
     -0.05106893504421952,
     -0.9611101565401036,
     180.8733410961118
    ],
    [
     -0.011084142147322439,
     0.9986909212074647,
     -0.0499358157102044,
     0.7038680078951245
    ]
   ]
  },
  {
   "file_path": "./medical/cardiac/0023.png",
   "transform_matrix": [
    [
     0.9999141394378078,
     0.010950261272399472,
     -0.0071976058807908475,
     0.19995676249071437
    ],
    [
     -0.006525793439740514,
     -0.06019643707547136,
     -0.9981652182797196,
     164.19014618889207
    ],
    [
     -0.011363440162681652,
     0.9981264853421561,
     -0.06011980943236723,
     1.405490397380916
    ]
   ]
  },
  {
   "file_path": "./medical/cardiac/0024.png",
   "transform_matrix": [
    [
     0.9205521926227762,
     0.004452441166451822,
     -0.3905942094105579,
     37.91480485543284
    ],
    [
     -0.3901112404057716,
     -0.04051819832323848,
     -0.9198758045049931,
     186.0469750310166
    ],
    [
     -0.01992186654080656,
     0.9991688803061763,
     -0.03556216896130343,
     0.3775984685353535
    ]
   ]
  },
  {
   "file_path": "./medical/cardiac/0025.png",
   "transform_matrix": [
    [
     0.87729114006406,
     -0.028938144979137412,
     -0.479085419659447,
     51.53682667883719
    ],
    [
     -0.4799154414278865,
     -0.06627526695387168,
     -0.8748078406537463,
     190.7975662427593
    ],
    [
     -0.00643619795991325,
     0.9973816585216311,
     -0.07203056712577888,
     2.3881190672040447
    ]
   ]
  },
  {
   "file_path": "./medical/cardiac/0026.png",
   "transform_matrix": [
    [
     0.8901026573052658,
     0.0313958871668892,
     -0.4546774216157085,
     43.88932140781655
    ],
    [
     -0.4557565944109957,
     0.06522307725396263,
     -0.8877115955333776,
     182.80748008114318
    ],
    [
     0.001784967505568778,
     0.9973766833361043,
     0.07236411699507204,
     -10.707544736887328
    ]
   ]
  },
  {
   "file_path": "./medical/cardiac/0027.png",
   "transform_matrix": [
    [
     0.8560321836704022,
     0.028690615819674643,
     -0.5161257105438266,
     51.962563315785076
    ],
    [
     -0.5167454453948729,
     0.021363187365207526,
     -0.8558725132221813,
     188.00398525875596
    ],
    [
     -0.013529419209128372,
     0.9993600266117747,
     0.033113320980789535,
     -6.619555776508335
    ]
   ]
  },
  {
   "file_path": "./medical/cardiac/0028.png",
   "transform_matrix": [
    [
     0.8623750691664643,
     0.01792943349539509,
     -0.5059523450826868,
     51.42444782135142
    ],
    [
     -0.5062608927325811,
     0.036510925060668775,
     -0.8616071383413814,
     186.22474270261995
    ],
    [
     0.0030246602695341313,
     0.9991724014231721,
     0.04056308253209398,
     -8.425331004700851
    ]
   ]
  },
  {
   "file_path": "./medical/cardiac/0029.png",
   "transform_matrix": [
    [
     0.8513291209314949,
     0.027149158716106077,
     -0.5239290515279863,
     53.23597660219984
    ],
    [
     -0.5240692637909244,
     -0.0022340591042158656,
     -0.8516727163233284,
     189.68602155828654
    ],
    [
     -0.024292686217168496,
     0.9996288972218274,
     0.01232612004759159,
     -3.679970830728834
    ]
   ]
  },
  {
   "file_path": "./medical/cardiac/0030.png",
   "transform_matrix": [
    [
     0.8366564120886824,
     0.0017042682089964051,
     -0.547725427181143,
     58.1917175542643
    ],
    [
     -0.5477219108144669,
     0.007348883540904175,
     -0.8366281744744508,
     189.29683626334042
    ],
    [
     0.0025993315762387094,
     0.9999715442854235,
     0.007081955576162313,
     -5.609274649051841
    ]
   ]
  },
  {
   "file_path": "./medical/cardiac/0031.png",
   "transform_matrix": [
    [
     0.8314206318146992,
     -0.015441499360876555,
     -0.5554289271277965,
     60.29367924422726
    ],
    [
     -0.5553666607826918,
     0.008458509561669403,
     -0.8315625807520911,
     188.76155682686837
    ],
    [
     0.017538673950150515,
     0.9998449948434426,
     -0.001543114573554232,
     -6.020818255745851
    ]
   ]
  },
  {
   "file_path": "./medical/cardiac/0032.png",
   "transform_matrix": [
    [
     0.922799087649095,
     -0.0301311930752316,
     -0.3841014905436601,
     41.110857278044804
    ],
    [
     -0.3852463544340729,
     -0.05869374227609004,
     -0.9209453246598762,
     187.31229005922845
    ],
    [
     0.005204827495226958,
     0.9978212043354717,
     -0.06577046411006914,
     -0.11780898377980975
    ]
   ]
  },
  {
   "file_path": "./medical/cardiac/0033.png",
   "transform_matrix": [
    [
     0.8523414204024868,
     0.008200605550832163,
     -0.5229214598148288,
     54.96828417930127
    ],
    [
     -0.5228552208223288,
     -0.008976951567565412,
     -0.8523742325993832,
     191.01945523836514
    ],
    [
     -0.011684225481639134,
     0.9999260794724546,
     -0.0033636982238258667,
     -3.7849190423306
    ]
   ]
  },
  {
   "file_path": "./medical/cardiac/0034.png",
   "transform_matrix": [
    [
     0.8188455669011525,
     0.008802401300755065,
     -0.5739463871283362,
     60.98424220881297
    ],
    [
     -0.573940758250168,
     0.028514789362600008,
     -0.8184002155466654,
     189.2568786638084
    ],
    [
     0.009162073212523597,
     0.9995546130747164,
     0.028401265737662808,
     -8.048900621414575
    ]
   ]
  },
  {
   "file_path": "./medical/cardiac/0035.png",
   "transform_matrix": [
    [
     0.8208367882397979,
     0.0027142779212824967,
     -0.5711563706792905,
     60.84894653621019
    ],
    [
     -0.5710843263559319,
     0.020478264996465604,
     -0.8206359319779546,
     190.0425927628449
    ],
    [
     0.0094688575216112,
     0.999786613912239,
     0.018359394846640696,
     -7.689362792155649
    ]
   ]
  },
  {
   "file_path": "./medical/cardiac/0036.png",
   "transform_matrix": [
    [
     0.8038152554161176,
     0.010733994518409179,
     -0.5947821588800396,
     62.88207985174239
    ],
    [
     -0.5948079782330776,
     0.02995270891503854,
     -0.8033095942779035,
     189.55562339391406
    ],
    [
     0.009192616091227516,
     0.9994936801152524,
     0.030461109944806216,
     -9.086878697087315
    ]
   ]
  },
  {
   "file_path": "./medical/cardiac/0037.png",
   "transform_matrix": [
    [
     0.8163007023706537,
     0.01096698045966181,
     -0.5775230633046388,
     61.00233661352703
    ],
    [
     -0.5775758427984721,
     0.028827264709344786,
     -0.8158278829661385,
     189.83612113994593
    ],
    [
     0.007701241770697609,
     0.9995242439025551,
     0.02986597941160648,
     -9.058731743410746
    ]
   ]
  },
  {
   "file_path": "./medical/cardiac/0038.png",
   "transform_matrix": [
    [
     0.8129194792028168,
     0.008711517304675896,
     -0.5823109391028742,
     61.682399738163966
    ],
    [
     -0.582279963972537,
     0.030325262754989677,
     -0.8124225636914464,
     189.771516915313
    ],
    [
     0.010581299011092268,
     0.9995021200103039,
     0.029724538787787587,
     -9.400383880229143
    ]
   ]
  },
  {
   "file_path": "./medical/cardiac/0039.png",
   "transform_matrix": [
    [
     0.8422164427206896,
     0.00920574753023121,
     -0.5390609592831938,
     56.1978156640859
    ],
    [
     -0.5386185932418288,
     0.05831095284539881,
     -0.8405295020357437,
     187.52112884741908
    ],
    [
     0.023695455790105745,
     0.9982560227670412,
     0.05406883006157824,
     -11.642262663196632
    ]
   ]
  },
  {
   "file_path": "./medical/cardiac/0040.png",
   "transform_matrix": [
    [
     0.8333134037567049,
     0.013215644437346925,
     -0.5526428483763454,
     57.967269144491425
    ],
    [
     -0.552590252021405,
     0.0475062487776863,
     -0.8320980529348645,
     188.89598971051743
    ],
    [
     0.015257276635579993,
     0.9987835116125907,
     0.046890430158905406,
     -10.462766344693122
    ]
   ]
  },
  {
   "file_path": "./medical/cardiac/0041.png",
   "transform_matrix": [
    [
     0.8101049592509707,
     0.00879458028583452,
     -0.5862189099257877,
     62.46104978832842
    ],
    [
     -0.5858910897212268,
     0.04878495742924466,
     -0.8089200571835885,
     189.73049351840447
    ],
    [
     0.02148455217722484,
     0.9987705859136136,
     0.044673602177587,
     -10.64373503191878
    ]
   ]
  },
  {
   "file_path": "./medical/cardiac/0042.png",
   "transform_matrix": [
    [
     0.7900672021709821,
     0.002244479774678055,
     -0.6130161322218677,
     66.24939336574427
    ],
    [
     -0.6127405023170452,
     0.033097966419564306,
     -0.7895907809993382,
     190.952721665164
    ],
    [
     0.018517366820705306,
     0.9994495919902266,
     0.027524901391230955,
     -9.34854155936192
    ]
   ]
  },
  {
   "file_path": "./medical/cardiac/0043.png",
   "transform_matrix": [
    [
     0.8028241233789757,
     0.007937944650730172,
     -0.5961630783229543,
     63.815464817398016
    ],
    [
     -0.5960289649156816,
     0.0357241120811039,
     -0.8021678507628923,
     189.9809534669354
    ],
    [
     0.014929832628674125,
     0.9993301640852931,
     0.03341142389873719,
     -9.136684592560655
    ]
   ]
  },
  {
   "file_path": "./medical/cardiac/0044.png",
   "transform_matrix": [
    [
     0.8098557281290509,
     -0.009620745073463598,
     -0.586550203205827,
     64.42898168093765
    ],
    [
     -0.5860529266107078,
     0.031035509890419873,
     -0.8096781856619742,
     189.9790314589522
    ],
    [
     0.025993592048620614,
     0.9994719797923669,
     0.01949601965368344,
     -8.580534310896567
    ]
   ]
  },
  {
   "file_path": "./medical/cardiac/0045.png",
   "transform_matrix": [
    [
     0.7857747539302369,
     0.021311381970940388,
     -0.618145501548272,
     65.39539374164423
    ],
    [
     -0.6184932373763036,
     0.03501448726972581,
     -0.78500961841306,
     189.84909154056567
    ],
    [
     0.004914407965937361,
     0.9991595521635809,
     0.04069444574653209,
     -9.78601023295802
    ]
   ]
  },
  {
   "file_path": "./medical/cardiac/0046.png",
   "transform_matrix": [
    [
     0.7921039865185872,
     -3.3329915671587144e-05,
     -0.6103861674632529,
     66.95439688893208
    ],
    [
     -0.6099327169858801,
     0.03849550517916985,
     -0.7915176415161084,
     189.0675610779157
    ],
    [
     0.023523505087119593,
     0.99925877277616,
     0.03047211410944489,
     -9.660970384920844
    ]
   ]
  },
  {
   "file_path": "./medical/cardiac/0047.png",
   "transform_matrix": [
    [
     0.7692333273763636,
     -0.022411727656700128,
     -0.6385748213928657,
     72.96569229600034
    ],
    [
     -0.6374997139195008,
     0.040792643247257565,
     -0.7693699207854807,
     188.87969862727874
    ],
    [
     0.043292064007661536,
     0.9989162501032527,
     0.017091590727976794,
     -10.539915765698822
    ]
   ]
  },
  {
   "file_path": "./medical/cardiac/0048.png",
   "transform_matrix": [
    [
     0.7470312480811009,
     -0.008691414916315704,
     -0.664732106714536,
     75.543674193989
    ],
    [
     -0.6639416455182219,
     0.04071318965841031,
     -0.7466752490436481,
     189.36163017693536
    ],
    [
     0.033553028729885255,
     0.9991330719651865,
     0.024643432562464557,
     -10.679814968063496
    ]
   ]
  },
  {
   "file_path": "./medical/cardiac/0049.png",
   "transform_matrix": [
    [
     0.787635019945768,
     -0.013977339697646259,
     -0.6159835300801526,
     68.33704639915914
    ],
    [
     -0.6153688717535046,
     0.03222472326236544,
     -0.787580293612964,
     188.6679444902873
    ],
    [
     0.03085817609400827,
     0.9993829101929049,
     0.016780100789644006,
     -10.26535016085758
    ]
   ]
  },
  {
   "file_path": "./medical/cardiac/0050.png",
   "transform_matrix": [
    [
     0.7838295113590049,
     -0.009549469246797417,
     -0.6209026532072542,
     69.13428289411726
    ],
    [
     -0.6202214996470787,
     0.03723823656544974,
     -0.783542344173577,
     187.68460487260046
    ],
    [
     0.030603733403496276,
     0.9992607874697174,
     0.023265642633885142,
     -10.640850244167027
    ]
   ]
  },
  {
   "file_path": "./medical/cardiac/0051.png",
   "transform_matrix": [
    [
     0.6801887397204093,
     -0.05571534586026558,
     -0.7309166016675452,
     90.92700522608067
    ],
    [
     -0.7305018600783256,
     0.0313357099859088,
     -0.6821913996099523,
     188.46599357852176
    ],
    [
     0.06091232042590736,
     0.9979548454290659,
     -0.01938596670227168,
     -10.542245434015442
    ]
   ]
  },
  {
   "file_path": "./medical/cardiac/0052.png",
   "transform_matrix": [
    [
     0.7237393602550632,
     -0.06252725232306255,
     -0.6872348078601085,
     83.94209873397061
    ],
    [
     -0.6876849472544128,
     0.017436260625583632,
     -0.7257998278692912,
     190.55268118805105
    ],
    [
     0.05736507419404027,
     0.9978909356900307,
     -0.03037974210534816,
     -8.976795794327188
    ]
   ]
  },
  {
   "file_path": "./medical/cardiac/0053.png",
   "transform_matrix": [
    [
     0.7438547585426035,
     -0.055012030018186706,
     -0.6660734004198059,
     79.22444692416636
    ],
    [
     -0.6665245360359989,
     0.012372256810422914,
     -0.7453804197343885,
     190.5696337508428
    ],
    [
     0.04924572118998229,
     0.9984090363246394,
     -0.027463705681926125,
     -8.176346148484399
    ]
   ]
  },
  {
   "file_path": "./medical/cardiac/0054.png",
   "transform_matrix": [
    [
     0.7345694370066496,
     -0.029800223728234074,
     -0.677878815778662,
     79.68677483522643
    ],
    [
     -0.677721908930408,
     0.016626276751688714,
     -0.7351303157108273,
     190.66123194725992
    ],
    [
     0.03317764867283304,
     0.9994175871912218,
     -0.007983109758647296,
     -7.295711813118217
    ]
   ]
  },
  {
   "file_path": "./medical/cardiac/0055.png",
   "transform_matrix": [
    [
     0.7581598399171393,
     -0.02027860969485757,
     -0.6517533545181504,
     74.65903911466118
    ],
    [
     -0.6515925899402765,
     0.014629870045657809,
     -0.7584280213951554,
     190.53387483019424
    ],
    [
     0.024914932705937528,
     0.9996873235623683,
     -0.002121611879635769,
     -7.1852301054430825
    ]
   ]
  },
  {
   "file_path": "./medical/cardiac/0056.png",
   "transform_matrix": [
    [
     0.7365253779959996,
     -0.023092209372979636,
     -0.6760156192234951,
     78.85213317246951
    ],
    [
     -0.6760153521586784,
     0.009001174427815685,
     -0.7368325606979504,
     191.40954476308582
    ],
    [
     0.023100026269024306,
     0.9996928171819557,
     -0.008981094653541879,
     -6.645365157033098
    ]
   ]
  },
  {
   "file_path": "./medical/cardiac/0057.png",
   "transform_matrix": [
    [
     0.21494974179496476,
     -0.03538554569200304,
     -0.9759838480519836,
     145.1310393387358
    ],
    [
     -0.9746419996944536,
     0.05588064535241689,
     -0.21668023884653861,
     166.17277443865285
    ],
    [
     0.06220595577493837,
     0.9978102107270082,
     -0.022476708723695314,
     -9.916762541906053
    ]
   ]
  },
  {
   "file_path": "./medical/cardiac/0058.png",
   "transform_matrix": [
    [
     0.7706303958944802,
     -0.0256375127874821,
     -0.6367664492273353,
     73.56715919257461
    ],
    [
     -0.6356537942216026,
     0.040464493029942,
     -0.7709130162965926,
     189.38394196339726
    ],
    [
     0.04553072385980071,
     0.9988520124332241,
     0.014886586005565777,
     -9.696750422173977
    ]
   ]
  },
  {
   "file_path": "./medical/cardiac/0059.png",
   "transform_matrix": [
    [
     0.7778427006042428,
     -0.022138868350736647,
     -0.6280689481457004,
     72.27612450331799
    ],
    [
     -0.6267158940291025,
     0.047056999212614026,
     -0.7778257047670811,
     189.30809921169364
    ],
    [
     0.04677522087601689,
     0.9986468391444758,
     0.022728162678646906,
     -10.783309154670789
    ]
   ]
  },
  {
   "file_path": "./medical/cardiac/0060.png",
   "transform_matrix": [
    [
     0.783963997008288,
     -0.018763588559031784,
     -0.6205226660962322,
     71.43096582381494
    ],
    [
     -0.6200287235438634,
     0.026346418864455424,
     -0.7841366259738068,
     191.92339304507942
    ],
    [
     0.031061767099699846,
     0.9994767600887008,
     0.009020679976474317,
     -8.54739929864219
    ]
   ]
  },
  {
   "file_path": "./medical/cardiac/0061.png",
   "transform_matrix": [
    [
     0.7514479396045602,
     -0.025728883414502073,
     -0.6592905418874929,
     77.33429169497458
    ],
    [
     -0.6588739570219807,
     0.023442872821733088,
     -0.751887983992337,
     191.97051178110246
    ],
    [
     0.03480090260694383,
     0.9993940445450468,
     0.0006640072552328825,
     -8.217229143226291
    ]
   ]
  },
  {
   "file_path": "./medical/cardiac/0062.png",
   "transform_matrix": [
    [
     0.7223106110477439,
     -0.0032398512146831677,
     -0.6915611936278251,
     79.22032854805893
    ],
    [
     -0.690961073061173,
     0.03853175775556131,
     -0.721864321848933,
     189.63505589865315
    ],
    [
     0.0289858013859929,
     0.9992521238448151,
     0.02559328641730709,
     -10.678669302229807
    ]
   ]
  },
  {
   "file_path": "./medical/cardiac/0063.png",
   "transform_matrix": [
    [
     0.7194392137190286,
     0.007419927371999467,
     -0.6945157755163954,
     78.6868543497914
    ],
    [
     -0.6940546993266675,
     0.045642471971878276,
     -0.7184739654955253,
     188.54167006445851
    ],
    [
     0.02636839217538514,
     0.9989302825673523,
     0.03798681960883972,
     -11.186898285116357
    ]
   ]
  },
  {
   "file_path": "./medical/cardiac/0064.png",
   "transform_matrix": [
    [
     0.7140985052035463,
     0.013290900168995928,
     -0.6999190502042067,
     79.52724324179603
    ],
    [
     -0.6997230480673748,
     0.043881630709156454,
     -0.7130652554216957,
     188.2991004172663
    ],
    [
     0.021236310163575196,
     0.9989483242185271,
     0.04063575607311165,
     -10.662955884741706
    ]
   ]
  },
  {
   "file_path": "./medical/cardiac/0065.png",
   "transform_matrix": [
    [
     0.6746542068139023,
     -0.004177968826310264,
     -0.738122107652109,
     86.95559056006385
    ],
    [
     -0.7370798177873183,
     0.049609897178740835,
     -0.6739823442142449,
     187.64769903511745
    ],
    [
     0.03943403908958722,
     0.9987599324554433,
     0.030390029330024753,
     -11.993253760349674
    ]
   ]
  },
  {
   "file_path": "./medical/cardiac/0066.png",
   "transform_matrix": [
    [
     -0.7927388122003639,
     -0.017908708744490905,
     -0.6092983290492938,
     192.1652404313415
    ],
    [
     -0.6093867562521013,
     0.04721362155061093,
     0.7914661428290016,
     58.86307372248792
    ],
    [
     0.014593044086102748,
     0.998724262292241,
     -0.04834140019817775,
     -3.5159554230280037
    ]
   ]
  },
  {
   "file_path": "./medical/cardiac/0067.png",
   "transform_matrix": [
    [
     -0.7385936085930144,
     -0.014807871892349835,
     -0.6739882849690852,
     192.96202041491944
    ],
    [
     -0.6737200553973665,
     0.051951763446234665,
     0.7371582606402753,
     68.05621848445183
    ],
    [
     0.02409913485829868,
     0.9985398045169988,
     -0.04834760070815615,
     -4.1478161179084765
    ]
   ]
  },
  {
   "file_path": "./medical/cardiac/0068.png",
   "transform_matrix": [
    [
     -0.6978782964257887,
     -0.015128679100425438,
     -0.71605656651309,
     193.55253595072963
    ],
    [
     -0.7154784431104532,
     0.0600983162200039,
     0.6960451061761461,
     74.04085933012215
    ],
    [
     0.03250355091495348,
     0.9980778103215183,
     -0.052765554310764705,
     -4.590172996151978
    ]
   ]
  },
  {
   "file_path": "./medical/cardiac/0069.png",
   "transform_matrix": [
    [
     -0.18778414045952319,
     -0.026386359825977226,
     -0.9818558329036966,
     176.0768233434964
    ],
    [
     -0.981357718157148,
     0.04668266571963028,
     0.18643432552699343,
     138.4812126996955
    ],
    [
     0.040916324435043824,
     0.998561209308895,
     -0.034660722125814475,
     -6.964521006475778
    ]
   ]
  },
  {
   "file_path": "./medical/cardiac/0070.png",
   "transform_matrix": [
    [
     0.6068744023622828,
     -0.022081073189800085,
     -0.7944909602784721,
     97.74667265002022
    ],
    [
     -0.7941147380286134,
     0.02458661007178624,
     -0.6072703528502978,
     189.9504434788118
    ],
    [
     0.03294302055320895,
     0.9994538132459976,
     -0.002613921358078974,
     -7.80394947813339
    ]
   ]
  },
  {
   "file_path": "./medical/cardiac/0071.png",
   "transform_matrix": [
    [
     0.7129983621824614,
     -0.03682354879482888,
     -0.7001980875290096,
     82.76708423336407
    ],
    [
     -0.700328716016235,
     0.011378765016292744,
     -0.7137297900674703,
     192.3235503599965
    ],
    [
     0.034249453253722646,
     0.9992569989551533,
     -0.01767554782636788,
     -6.3878584268144465
    ]
   ]
  },
  {
   "file_path": "./medical/cardiac/0072.png",
   "transform_matrix": [
    [
     0.7560523157835812,
     -0.013530429314100879,
     -0.6543713191154239,
     73.35427027149478
    ],
    [
     -0.6541167897523769,
     0.019082786252306198,
     -0.7561528103716161,
     192.52238660119752
    ],
    [
     0.022718300163711166,
     0.9997263499335329,
     0.00557710375074807,
     -7.09735913319129
    ]
   ]
  },
  {
   "file_path": "./medical/cardiac/0073.png",
   "transform_matrix": [
    [
     0.744347197410797,
     -0.03372519220388637,
     -0.666940672861914,
     77.25608766118869
    ],
    [
     -0.6673291588632321,
     -0.0003548830278162873,
     -0.7447628265353522,
     194.68253343426005
    ],
    [
     0.02488058354585538,
     0.9994310808999525,
     -0.022769960333084045,
     -5.224554815891565
    ]
   ]
  },
  {
   "file_path": "./medical/cardiac/0074.png",
   "transform_matrix": [
    [
     0.668408695005027,
     -0.04095925316153365,
     -0.7426655748195995,
     89.61270619403761
    ],
    [
     -0.7431437812769738,
     0.0049718773693000606,
     -0.6691132944313583,
     194.59969512956036
    ],
    [
     0.031098822984765608,
     0.9991484474370533,
     -0.027115368208604086,
     -6.185289614754041
    ]
   ]
  },
  {
   "file_path": "./medical/cardiac/0075.png",
   "transform_matrix": [
    [
     -0.8747941313875343,
     -0.0063375131192841445,
     -0.4844533657818809,
     189.46574543206202
    ],
    [
     -0.48448443743457614,
     0.01798780227226836,
     0.8746149260406642,
     46.467222306543015
    ],
    [
     0.003171367785714932,
     0.9998181209084365,
     -0.01880605034267033,
     -3.266160529481539
    ]
   ]
  },
  {
   "file_path": "./medical/cardiac/0076.png",
   "transform_matrix": [
    [
     -0.8607172651711935,
     0.009048808900653394,
     -0.5090028570584856,
     187.21124835072226
    ],
    [
     -0.509027040769278,
     -0.03015915824144679,
     0.8602220044499207,
     51.785679966867036
    ],
    [
     -0.007567113180971043,
     0.9995041491818065,
     0.030564596618629637,
     -6.525909361725141
    ]
   ]
  },
  {
   "file_path": "./medical/cardiac/0077.png",
   "transform_matrix": [
    [
     -0.840770108122854,
     0.05394635103003333,
     -0.5386978898210284,
     185.4588559166985
    ],
    [
     -0.5411580574960481,
     -0.05447407694543713,
     0.839154653057496,
     57.392773420702106
    ],
    [
     0.01592426118187022,
     0.9970568520157147,
     0.07499367809572058,
     -11.521768956122713
    ]
   ]
  },
  {
   "file_path": "./medical/cardiac/0078.png",
   "transform_matrix": [
    [
     -0.8248582075649485,
     0.05694721447860382,
     -0.562464178571283,
     186.36466864899967
    ],
    [
     -0.5647356082430499,
     -0.037020018680748085,
     0.8244411507192184,
     60.60495982777608
    ],
    [
     0.026127192637033763,
     0.9976905998254194,
     0.06269638605934452,
     -10.53921448383204
    ]
   ]
  },
  {
   "file_path": "./medical/cardiac/0079.png",
   "transform_matrix": [
    [
     -0.8446348276223727,
     0.05403752662083292,
     -0.5326086308763942,
     185.2377221317276
    ],
    [
     -0.5351191963787628,
     -0.05646409345493541,
     0.8428874490803974,
     56.952788056593945
    ],
    [
     0.01547428945933801,
     0.996941197798052,
     0.07660805766179905,
     -11.082919604810684
    ]
   ]
  },
  {
   "file_path": "./medical/cardiac/0080.png",
   "transform_matrix": [
    [
     -0.8502842421545901,
     0.012051456936887311,
     -0.526185775111123,
     188.4519842618319
    ],
    [
     -0.526278168408494,
     -0.032627153841144875,
     0.8496862705074314,
     54.18849806876013
    ],
    [
     -0.006927986734687981,
     0.9993949325556559,
     0.03408477346087797,
     -6.736045630098829
    ]
   ]
  },
  {
   "file_path": "./medical/cardiac/0081.png",
   "transform_matrix": [
    [
     -0.8583738727356319,
     0.028956782690737714,
     -0.5122067935326852,
     186.7481125174931
    ],
    [
     -0.5130071527694695,
     -0.04020123218597504,
     0.8574424308010954,
     52.708841943805375
    ],
    [
     0.0042374299044839825,
     0.9987719287539727,
     0.04936272400175933,
     -8.438780022969183
    ]
   ]
  },
  {
   "file_path": "./medical/cardiac/0082.png",
   "transform_matrix": [
    [
     -0.8428370741039365,
     0.0556163510268298,
     -0.5352872948374314,
     185.39702088082464
    ],
    [
     -0.5377924756686516,
     -0.049850289220431235,
     0.8416021636015569,
     57.99750601323165
    ],
    [
     0.020122614892135425,
     0.9972069846140768,
     0.07192572701615886,
     -10.80541956688728
    ]
   ]
  },
  {
   "file_path": "./medical/cardiac/0083.png",
   "transform_matrix": [
    [
     -0.8400426371532425,
     0.06786522163115481,
     -0.5382589334675089,
     184.83028210283555
    ],
    [
     -0.5419684496367491,
     -0.060234086657025024,
     0.8382374689805586,
     59.02548005302885
    ],
    [
     0.024465636369504065,
     0.9958745736776035,
     0.08738000995357555,
     -12.552921230696484
    ]
   ]
  },
  {
   "file_path": "./medical/cardiac/0084.png",
   "transform_matrix": [
    [
     -0.8480981509513672,
     0.05496171802227678,
     -0.5269807737526218,
     185.45103001990935
    ],
    [
     -0.5293218856843221,
     -0.043951310165348395,
     0.8472819033062983,
     56.15267475428309
    ],
    [
     0.023406573616521965,
     0.9975206724107473,
     0.06636746510712353,
     -11.231443600136089
    ]
   ]
  },
  {
   "file_path": "./medical/cardiac/0085.png",
   "transform_matrix": [
    [
     -0.8579568542121875,
     0.04797220860245289,
     -0.5114769823874082,
     185.69640125439784
    ],
    [
     -0.5136156292148901,
     -0.05986482043090093,
     0.8559294297434621,
     54.60907860139647
    ],
    [
     0.01044134744747063,
     0.997053093108175,
     0.0760007091210501,
     -10.048732116843638
    ]
   ]
  },
  {
   "file_path": "./medical/cardiac/0086.png",
   "transform_matrix": [
    [
     -0.8567288867547925,
     0.04707337333408771,
     -0.5136143612895219,
     185.875504966331
    ],
    [
     -0.5156807788754973,
     -0.05996984220615305,
     0.8546794441918732,
     55.21197003227328
    ],
    [
     0.00943127235606792,
     0.9970896226261302,
     0.0756527299773575,
     -9.998382272307367
    ]
   ]
  },
  {
   "file_path": "./medical/cardiac/0087.png",
   "transform_matrix": [
    [
     -0.8423816931639022,
     0.0673033868082644,
     -0.5346618904938465,
     184.64916223795177
    ],
    [
     -0.5386651794318622,
     -0.07706815466888377,
     0.8389876780999661,
     59.899948113418034
    ],
    [
     0.015261306954392087,
     0.994751603999747,
     0.10117479355043763,
     -11.914370146825092
    ]
   ]
  },
  {
   "file_path": "./medical/cardiac/0088.png",
   "transform_matrix": [
    [
     -0.8358983133654787,
     0.07898100405584317,
     -0.5431721740949911,
     184.31827822446252
    ],
    [
     -0.5487553968114327,
     -0.09880404097618607,
     0.8301236510045378,
     62.35153069656381
    ],
    [
     0.011896393700435165,
     0.9919676216919117,
     0.12593138342691707,
     -13.904855235761488
    ]
   ]
  },
  {
   "file_path": "./medical/cardiac/0089.png",
   "transform_matrix": [
    [
     -0.8919067049895739,
     0.049697686156281715,
     -0.4494803328126302,
     183.22939697951932
    ],
    [
     -0.4504183964181268,
     -0.00900766471812342,
     0.8927721602651196,
     44.95866275188354
    ],
    [
     0.04031994249455486,
     0.9987236864954379,
     0.03041874866259609,
     -7.373452165020552
    ]
   ]
  },
  {
   "file_path": "./medical/cardiac/0090.png",
   "transform_matrix": [
    [
     -0.8467107002227702,
     0.05612938062376218,
     -0.5290845705169066,
     185.54527634510382
    ],
    [
     -0.531566622468494,
     -0.04670784974753907,
     0.8457276764120936,
     56.43536145767324
    ],
    [
     0.022757768029939472,
     0.9973303712425258,
     0.0693845414450605,
     -9.528929322507594
    ]
   ]
  },
  {
   "file_path": "./medical/cardiac/0091.png",
   "transform_matrix": [
    [
     -0.8407762049428594,
     0.04145216493073278,
     -0.5397935635263154,
     187.14884960750305
    ],
    [
     -0.5413238786497616,
     -0.04965466613697439,
     0.8393466938842399,
     57.27834151845491
    ],
    [
     0.007989468409167916,
     0.9979058733935687,
     0.06418750845108394,
     -8.258152541942508
    ]
   ]
  },
  {
   "file_path": "./medical/cardiac/0092.png",
   "transform_matrix": [
    [
     -0.8955573998110811,
     0.048077925462044716,
     -0.4423408829476216,
     182.91093810656423
    ],
    [
     -0.4438925171784979,
     -0.02816855316739489,
     0.8956371842467197,
     45.07428758174322
    ],
    [
     0.030600275105826923,
     0.9984463158806892,
     0.04656798758509961,
     -7.75936028757377
    ]
   ]
  },
  {
