{
 "frames": [
  {
   "file_path": "./medical/cardiac/00.0.png",
   "transform_matrix": [
    [
     1.0,
     0.0,
     0.0,
     0.0
    ],
    [
     0.0,
     6.123233995736766e-17,
     -1.0,
     160.0
    ],
    [
     0.0,
     1.0,
     6.123233995736766e-17,
     0.0
    ],
    [
     0.0,
     0.0,
     0.0,
     1.0
    ]
   ]
  },
  {
   "file_path": "./medical/cardiac/3.0252100840336134.png",
   "transform_matrix": [
    [
     0.9986064103215336,
     -3.2315579968605596e-18,
     0.05277534713046237,
     -4.11054059615968
    ],
    [
     0.05277534713046237,
     6.114700720041473e-17,
     -0.9986064103215336,
     155.6664850552857
    ],
    [
     0.0,
     1.0,
     6.123233995736766e-17,
     0.0
    ],
    [
     0.0,
     0.0,
     0.0,
     1.0
    ]
   ]
  },
  {
   "file_path": "./medical/cardiac/6.050420168067227.png",
   "transform_matrix": [
    [
     0.9944295254705184,
     -6.454109061981539e-18,
     0.10540359990284776,
     -7.98665002986931
    ],
    [
     0.10540359990284776,
     6.089124676725459e-17,
     -0.9944295254705184,
     151.12207404541365
    ],
    [
     0.0,
     1.0,
     6.123233995736766e-17,
     0.0
    ],
    [
     0.0,
     0.0,
     0.0,
     1.0
    ]
   ]
  },
  {
   "file_path": "./medical/cardiac/9.07563025210084.png",
   "transform_matrix": [
    [
     0.9874809871741873,
     -9.65867136755757e-18,
     0.15773807393743752,
     -11.617524888929978
    ],
    [
     0.15773807393743752,
     6.046577150808685e-17,
     -0.9874809871741873,
     146.37943305893998
    ],
    [
     0.0,
     1.0,
     6.123233995736766e-17,
     0.0
    ],
    [
     0.0,
     0.0,
     0.0,
     1.0
    ]
   ]
  },
  {
   "file_path": "./medical/cardiac/12.100840336134453.png",
   "transform_matrix": [
    [
     0.9777801622550408,
     -1.2836313223682548e-17,
     0.20963290366854653,
     -14.993045273886992
    ],
    [
     0.20963290366854653,
     5.987176729877077e-17,
     -0.9777801622550408,
     141.45178068691956
    ],
    [
     0.0,
     1.0,
     6.123233995736766e-17,
     0.0
    ],
    [
     0.0,
     0.0,
     0.0,
     1.0
    ]
   ]
  },
  {
   "file_path": "./medical/cardiac/15.126050420168067.png",
   "transform_matrix": [
    [
     0.9653540886520386,
     -1.5978177972571357e-17,
     0.26094344889801674,
     -18.10380300400442
    ],
    [
     0.26094344889801674,
     5.911088973557646e-17,
     -0.9653540886520386,
     136.35285118032175
    ],
    [
     0.0,
     1.0,
     6.123233995736766e-17,
     0.0
    ],
    [
     0.0,
     0.0,
     0.0,
     1.0
    ]
   ]
  },
  {
   "file_path": "./medical/cardiac/18.15126050420168.png",
   "transform_matrix": [
    [
     0.950237400061015,
     -1.9075508673653618e-17,
     0.31152669793339155,
     -20.94112783955252
    ],
    [
     0.31152669793339155,
     5.818525952074124e-17,
     -0.950237400061015,
     131.0968561702099
    ],
    [
     0.0,
     1.0,
     6.123233995736766e-17,
     0.0
    ],
    [
     0.0,
     0.0,
     0.0,
     1.0
    ]
   ]
  },
  {
   "file_path": "./medical/cardiac/21.176470588235293.png",
   "transform_matrix": [
    [
     0.9324722294043558,
     -2.2119672510737672e-17,
     0.3612416661871529,
     -23.497111647320708
    ],
    [
     0.3612416661871529,
     5.709745655169203e-17,
     -0.9324722294043558,
     125.69844505737623
    ],
    [
     0.0,
     1.0,
     6.123233995736766e-17,
     0.0
    ],
    [
     0.0,
     0.0,
     0.0,
     1.0
    ]
   ]
  },
  {
   "file_path": "./medical/cardiac/24.201680672268907.png",
   "transform_matrix": [
    [
     0.9121080913989877,
     -2.5102184853217698e-17,
     0.40994978912605357,
     -25.764630442003295
    ],
    [
     0.40994978912605357,
     5.585051273040859e-17,
     -0.9121080913989877,
     120.17266418183473
    ],
    [
     0.0,
     1.0,
     6.123233995736766e-17,
     0.0
    ],
    [
     0.0,
     0.0,
     0.0,
     1.0
    ]
   ]
  },
  {
   "file_path": "./medical/cardiac/27.22689075630252.png",
   "transform_matrix": [
    [
     0.8892017445499811,
     -2.8014732904260913e-17,
     0.45751530847532307,
     -27.737364242024327
    ],
    [
     0.45751530847532307,
     5.444790351296884e-17,
     -0.8892017445499811,
     114.53491488597265
    ],
    [
     0.0,
     1.0,
     6.123233995736766e-17,
     0.0
    ],
    [
     0.0,
     0.0,
     0.0,
     1.0
    ]
   ]
  },
  {
   "file_path": "./medical/cardiac/30.252100840336134.png",
   "transform_matrix": [
    [
     0.8638170329544163,
     -3.08491988700634e-17,
     0.5038056506013295,
     -29.40981468445966
    ],
    [
     0.5038056506013295,
     5.289353822282948e-17,
     -0.8638170329544163,
     108.80091058824694
    ],
    [
     0.0,
     1.0,
     6.123233995736766e-17,
     0.0
    ],
    [
     0.0,
     0.0,
     0.0,
     1.0
    ]
   ]
  },
  {
   "file_path": "./medical/cardiac/33.27731092436974.png",
   "transform_matrix": [
    [
     0.8360247083564339,
     -3.359768258559732e-17,
     0.5486917960180737,
     -30.777320349960604
    ],
    [
     0.5486917960180737,
     5.1191749154840316e-17,
     -0.8360247083564339,
     102.98663298706882
    ],
    [
     0.0,
     1.0,
     6.123233995736766e-17,
     0.0
    ],
    [
     0.0,
     0.0,
     0.0,
     1.0
    ]
   ]
  },
  {
   "file_path": "./medical/cardiac/36.30252100840336.png",
   "transform_matrix": [
    [
     0.8059022329494349,
     -3.6252523533787905e-17,
     0.5920486389876383,
     -31.83606975496585
    ],
    [
     0.5920486389876383,
     4.93472795003615e-17,
     -0.8059022329494349,
     97.10828751694373
    ],
    [
     0.0,
     1.0,
     6.123233995736766e-17,
     0.0
    ],
    [
     0.0,
     0.0,
     0.0,
     1.0
    ]
   ]
  },
  {
   "file_path": "./medical/cardiac/39.32773109243698.png",
   "transform_matrix": [
    [
     0.7735335634750531,
     -3.880632219674838e-17,
     0.6337553362123162,
     -32.583111974989535
    ],
    [
     0.6337553362123162,
     4.736527012713849e-17,
     -0.7735335634750531,
     91.18225818101895
    ],
    [
     0.0,
     1.0,
     6.123233995736766e-17,
     0.0
    ],
    [
     0.0,
     0.0,
     0.0,
     1.0
    ]
   ]
  },
  {
   "file_path": "./medical/cardiac/42.35294117647059.png",
   "transform_matrix": [
    [
     0.7390089172206591,
     -4.125196067956361e-17,
     0.6736956436465572,
     -33.0163648693773
    ],
    [
     0.6736956436465572,
     4.5251245250781575e-17,
     -0.7390089172206591,
     85.22506188592814
    ],
    [
     0.0,
     1.0,
     6.123233995736766e-17,
     0.0
    ],
    [
     0.0,
     0.0,
     0.0,
     1.0
    ]
   ]
  },
  {
   "file_path": "./medical/cardiac/45.3781512605042.png",
   "transform_matrix": [
    [
     0.7024245205675985,
     -4.358262254913975e-17,
     0.7117582404899709,
     -33.13462088460555
    ],
    [
     0.7117582404899709,
     4.301109703778618e-17,
     -0.7024245205675985,
     79.25330240621021
    ],
    [
     0.0,
     1.0,
     6.123233995736766e-17,
     0.0
    ],
    [
     0.0,
     0.0,
     0.0,
     1.0
    ]
   ]
  },
  {
   "file_path": "./medical/cardiac/48.403361344537814.png",
   "transform_matrix": [
    [
     0.6638823407910085,
     -4.5791811832825944e-17,
     0.7478370394583644,
     -32.93755041994983
    ],
    [
     0.7478370394583644,
     4.065106918300804e-17,
     -0.6638823407910085,
     73.28362410661153
    ],
    [
     0.0,
     1.0,
     6.123233995736766e-17,
     0.0
    ],
    [
     0.0,
     0.0,
     0.0,
     1.0
    ]
   ]
  },
  {
   "file_path": "./medical/cardiac/51.42857142857143.png",
   "transform_matrix": [
    [
     0.6234898018587336,
     -4.787337112385514e-17,
     0.7818314824680298,
     -32.42570274614107
    ],
    [
     0.7818314824680298,
     3.817773950736578e-17,
     -0.6234898018587336,
     67.3326655512563
    ],
    [
     0.0,
     1.0,
     6.123233995736766e-17,
     0.0
    ],
    [
     0.0,
     0.0,
     0.0,
     1.0
    ]
   ]
  },
  {
   "file_path": "./medical/cardiac/54.45378151260504.png",
   "transform_matrix": [
    [
     0.58135948502146,
     -4.982149874314114e-17,
     0.8136468209091602,
     -31.600504474449608
    ],
    [
     0.8136468209091602,
     3.559800162427423e-17,
     -0.58135948502146,
     61.41701312898398
    ],
    [
     0.0,
     1.0,
     6.123233995736766e-17,
     0.0
    ],
    [
     0.0,
     0.0,
     0.0,
     1.0
    ]
   ]
  },
  {
   "file_path": "./medical/cardiac/57.47899159663865.png",
   "transform_matrix": [
    [
     0.5376088150285774,
     -5.1630764909598806e-17,
     0.8431943797272186,
     -30.464255580463686
    ],
    [
     0.8431943797272186,
     3.291904572590744e-17,
     -0.5376088150285774,
     55.5531548241087
    ],
    [
     0.0,
     1.0,
     6.123233995736766e-17,
     0.0
    ],
    [
     0.0,
     0.0,
     0.0,
     1.0
    ]
   ]
  },
  {
   "file_path": "./medical/cardiac/60.50420168067227.png",
   "transform_matrix": [
    [
     0.4923597328443421,
     -5.329612687391779e-17,
     0.8703918045762196,
     -29.020122993644932
    ],
    [
     0.8703918045762196,
     3.014833854284347e-17,
     -0.4923597328443421,
     49.7574342614498
    ],
    [
     0.0,
     1.0,
     6.123233995736766e-17,
     0.0
    ],
    [
     0.0,
     0.0,
     0.0,
     1.0
    ]
   ]
  },
  {
   "file_path": "./medical/cardiac/63.529411764705884.png",
   "transform_matrix": [
    [
     0.4457383557765383,
     -5.481294297360933e-17,
     0.8951632913550623,
     -27.27213177052805
    ],
    [
     0.8951632913550623,
     2.7293602532947087e-17,
     -0.4457383557765383,
     44.04600515371808
    ],
    [
     0.0,
     1.0,
     6.123233995736766e-17,
     0.0
    ],
    [
     0.0,
     0.0,
     0.0,
     1.0
    ]
   ]
  },
  {
   "file_path": "./medical/cardiac/66.55462184873949.png",
   "transform_matrix": [
    [
     0.39787462596492107,
     -5.617698557015209e-17,
     0.9174397974871562,
     -25.22515387616619
    ],
    [
     0.9174397974871562,
     2.436279435749455e-17,
     -0.39787462596492107,
     38.43478627822119
    ],
    [
     0.0,
     1.0,
     6.123233995736766e-17,
     0.0
    ],
    [
     0.0,
     0.0,
     0.0,
     1.0
    ]
   ]
  },
  {
   "file_path": "./medical/cardiac/69.5798319327731.png",
   "transform_matrix": [
    [
     0.3489019482091668,
     -5.738445283217902e-17,
     0.9371592343544655,
     -22.88489460509058
    ],
    [
     0.9371592343544655,
     2.1364082704531586e-17,
     -0.3489019482091668,
     32.9394171083761
    ],
    [
     0.0,
     1.0,
     6.123233995736766e-17,
     0.0
    ],
    [
     0.0,
     0.0,
     0.0,
     1.0
    ]
   ]
  },
  {
   "file_path": "./medical/cardiac/72.60504201680672.png",
   "transform_matrix": [
    [
     0.29895681814577035,
     -5.843197933186322e-17,
     0.954266640349623,
     -20.257876679631465
    ],
    [
     0.954266640349623,
     1.8305825521274752e-17,
     -0.29895681814577035,
     27.57521422369178
    ],
    [
     0.0,
     1.0,
     6.123233995736766e-17,
     0.0
    ],
    [
     0.0,
     0.0,
     0.0,
     1.0
    ]
   ]
  },
  {
   "file_path": "./medical/cardiac/75.63025210084034.png",
   "transform_matrix": [
    [
     0.24817844181022394,
     -5.931664542496892e-17,
     0.9687143340637885,
     -17.351422069921
    ],
    [
     0.9687143340637885,
     1.519654671901342e-17,
     -0.24817844181022394,
     22.357128619714835
    ],
    [
     0.0,
     1.0,
     6.123233995736766e-17,
     0.0
    ],
    [
     0.0,
     0.0,
     0.0,
     1.0
    ]
   ]
  },
  {
   "file_path": "./medical/cardiac/78.65546218487395.png",
   "transform_matrix": [
    [
     0.1967083476448281,
     -6.003598538842366e-17,
     0.9804620471832867,
     -14.173631586249186
    ],
    [
     0.9804620471832867,
     1.2044912415440177e-17,
     -0.1967083476448281,
     17.299704036923323
    ],
    [
     0.0,
     1.0,
     6.123233995736766e-17,
     0.0
    ],
    [
     0.0,
     0.0,
     0.0,
     1.0
    ]
   ]
  },
  {
   "file_path": "./medical/cardiac/81.68067226890756.png",
   "transform_matrix": [
    [
     0.1446899920335405,
     -6.058799429273066e-17,
     0.9894770367246195,
     -10.7333623006528
    ],
    [
     0.9894770367246195,
     8.85970678062657e-18,
     -0.1446899920335405,
     12.417036424713672
    ],
    [
     0.0,
     1.0,
     6.123233995736766e-17,
     0.0
    ],
    [
     0.0,
     0.0,
     0.0,
     1.0
    ]
   ]
  },
  {
   "file_path": "./medical/cardiac/84.70588235294117.png",
   "transform_matrix": [
    [
     0.09226835946330202,
     -6.097113359006702e-17,
     0.9957341762950345,
     -7.040202860666923
    ],
    [
     0.9957341762950345,
     5.649807553965511e-18,
     -0.09226835946330202,
     7.722734653461401
    ],
    [
     0.0,
     1.0,
     6.123233995736766e-17,
     0.0
    ],
    [
     0.0,
     0.0,
     0.0,
     1.0
    ]
   ]
  },
  {
   "file_path": "./medical/cardiac/87.73109243697479.png",
   "transform_matrix": [
    [
     0.039589558426269364,
     -6.118433540249234e-17,
     0.9992160261242876,
     -3.104446764044553
    ],
    [
     0.9992160261242876,
     2.424161300319395e-18,
     -0.039589558426269364,
     3.2298825841585312
    ],
    [
     0.0,
     1.0,
     6.123233995736766e-17,
     0.0
    ],
    [
     0.0,
     0.0,
     0.0,
     1.0
    ]
   ]
  },
  {
   "file_path": "./medical/cardiac/90.7563025210084.png",
   "transform_matrix": [
    [
     -0.013199585810758616,
     -6.12270054983162e-17,
     0.9999128816724107,
     1.0629363310678315
    ],
    [
     0.9999128816724107,
     -8.08241525660818e-19,
     0.013199585810758616,
     -1.0489973986535404
    ],
    [
     0.0,
     1.0,
     6.123233995736766e-17,
     0.0
    ],
    [
     0.0,
     0.0,
     0.0,
     1.0
    ]
   ]
  },
  {
   "file_path": "./medical/cardiac/93.78151260504201.png",
   "transform_matrix": [
    [
     -0.06595194043469524,
     -6.109902494832833e-17,
     0.9978228006780053,
     5.450331180535187
    ],
    [
     0.9978228006780053,
     -4.038391637545321e-18,
     0.06595194043469524,
     -5.101979289016043
    ],
    [
     0.0,
     1.0,
     6.123233995736766e-17,
     0.0
    ],
    [
     0.0,
     0.0,
     0.0,
     1.0
    ]
   ]
  },
  {
   "file_path": "./medical/cardiac/96.80672268907563.png",
   "transform_matrix": [
    [
     -0.11852047517170261,
     -6.080075045727577e-17,
     0.9929516085716734,
     10.045509328002339
    ],
    [
     0.9929516085716734,
     -7.257286027622448e-18,
     0.11852047517170261,
     -8.917766699470093
    ],
    [
     0.0,
     1.0,
     6.123233995736766e-17,
     0.0
    ],
    [
     0.0,
     0.0,
     0.0,
     1.0
    ]
   ]
  },
  {
   "file_path": "./medical/cardiac/99.83193277310924.png",
   "transform_matrix": [
    [
     -0.17075867208693757,
     -6.033301336966267e-17,
     0.9853128822394974,
     14.835663187795205
    ],
    [
     0.9853128822394974,
     -1.0455953059896029e-17,
     0.17075867208693757,
     -12.485724346114807
    ],
    [
     0.0,
     1.0,
     6.123233995736766e-17,
     0.0
    ],
    [
     0.0,
     0.0,
     0.0,
     1.0
    ]
   ]
  },
  {
   "file_path": "./medical/cardiac/102.85714285714286.png",
   "transform_matrix": [
    [
     -0.22252093395631434,
     -5.969711735264411e-17,
     0.9749279121818236,
     19.80744174195926
    ],
    [
     0.9749279121818236,
     -1.3625477475643996e-17,
     0.22252093395631434,
     -15.795907691051042
    ],
    [
     0.0,
     1.0,
     6.123233995736766e-17,
     0.0
    ],
    [
     0.0,
     0.0,
     0.0,
     1.0
    ]
   ]
  },
  {
   "file_path": "./medical/cardiac/105.88235294117646.png",
   "transform_matrix": [
    [
     -0.27366299007208267,
     -5.889483476247186e-17,
     0.9618256431728192,
     24.94698775194108
    ],
    [
     0.9618256431728192,
     -1.6757025241843497e-17,
     0.27366299007208267,
     -18.839090659592145
    ],
    [
     0.0,
     1.0,
     6.123233995736766e-17,
     0.0
    ],
    [
     0.0,
     0.0,
     0.0,
     1.0
    ]
   ]
  },
  {
   "file_path": "./medical/cardiac/108.90756302521008.png",
   "transform_matrix": [
    [
     -0.3240422983511658,
     -5.792840170461968e-17,
     0.9460425935861947,
     30.239976381197692
    ],
    [
     0.9460425935861947,
     -1.9841868173205344e-17,
     0.3240422983511658,
     -21.606791354988843
    ],
    [
     0.0,
     1.0,
     6.123233995736766e-17,
     0.0
    ],
    [
     0.0,
     0.0,
     0.0,
     1.0
    ]
   ]
  },
  {
   "file_path": "./medical/cardiac/111.9327731092437.png",
   "transform_matrix": [
    [
     -0.3735184426255116,
     -5.680051180135628e-17,
     0.9276227536119478,
     35.6716551210851
    ],
    [
     0.9276227536119478,
     -2.2871408259191854e-17,
     0.3735184426255116,
     -24.09129569899676
    ],
    [
     0.0,
     1.0,
     6.123233995736766e-17,
     0.0
    ],
    [
     0.0,
     0.0,
     0.0,
     1.0
    ]
   ]
  },
  {
   "file_path": "./medical/cardiac/114.9579831932773.png",
   "transform_matrix": [
    [
     -0.42195352400713765,
     -5.551430868413694e-17,
     0.9066174626478126,
     41.226884908746
    ],
    [
     0.9066174626478126,
     -2.583720162821435e-17,
     0.42195352400713765,
     -26.285678932396024
    ],
    [
     0.0,
     1.0,
     6.123233995736766e-17,
     0.0
    ],
    [
     0.0,
     0.0,
     0.0,
     1.0
    ]
   ]
  },
  {
   "file_path": "./medical/cardiac/117.98319327731092.png",
   "transform_matrix": [
    [
     -0.4692125452370662,
     -5.407337723173877e-17,
     0.8830852662071507,
     46.890182322393244
    ],
    [
     0.8830852662071507,
     -2.873098208221779e-17,
     0.4692125452370662,
     -28.183824915537357
    ],
    [
     0.0,
     1.0,
     6.123233995736766e-17,
     0.0
    ],
    [
     0.0,
     0.0,
     0.0,
     1.0
    ]
   ]
  },
  {
   "file_path": "./medical/cardiac/121.00840336134453.png",
   "transform_matrix": [
    [
     -0.5151637869468961,
     -5.2481733578560656e-17,
     0.8570917527421046,
     52.645762736383325
    ],
    [
     0.8570917527421046,
     -3.1544684136057265e-17,
     0.5151637869468961,
     -29.780443175120055
    ],
    [
     0.0,
     1.0,
     6.123233995736766e-17,
     0.0
    ],
    [
     0.0,
     0.0,
     0.0,
     1.0
    ]
   ]
  },
  {
   "file_path": "./medical/cardiac/124.03361344537815.png",
   "transform_matrix": [
    [
     -0.559679174784308,
     -5.074381392093635e-17,
     0.8287093708368187,
     58.477584315799135
    ],
    [
     0.8287093708368187,
     -3.427046549745174e-17,
     0.559679174784308,
     -31.071083649690138
    ],
    [
     0.0,
     1.0,
     6.123233995736766e-17,
     0.0
    ],
    [
     0.0,
     0.0,
     0.0,
     1.0
    ]
   ]
  },
  {
   "file_path": "./medical/cardiac/127.05882352941177.png",
   "transform_matrix": [
    [
     -0.6026346363792563,
     -4.886446215265957e-17,
     0.7980172272802396,
     64.36939272792134
    ],
    [
     0.7980172272802396,
     -3.6900728924859263e-17,
     0.6026346363792563,
     -32.05214909275968
    ],
    [
     0.0,
     1.0,
     6.123233995736766e-17,
     0.0
    ],
    [
     0.0,
     0.0,
     0.0,
     1.0
    ]
   ]
  },
  {
   "file_path": "./medical/cardiac/130.08403361344537.png",
   "transform_matrix": [
    [
     -0.6439104471559156,
     -4.6848916364183256e-17,
     0.7651008665813082,
     70.3047664459686
    ],
    [
     0.7651008665813082,
     -3.942814340235165e-17,
     0.6439104471559156,
     -32.72090509897791
    ],
    [
     0.0,
     1.0,
     6.123233995736766e-17,
     0.0
    ],
    [
     0.0,
     0.0,
     0.0,
     1.0
    ]
   ]
  },
  {
   "file_path": "./medical/cardiac/133.10924369747897.png",
   "transform_matrix": [
    [
     -0.6833915640265483,
     -4.470279424312206e-17,
     0.7300520325410704,
     76.26716251883823
    ],
    [
     0.7300520325410704,
     -4.1845664572470795e-17,
     0.6833915640265483,
     -33.0754877254095
    ],
    [
     0.0,
     1.0,
     6.123233995736766e-17,
     0.0
    ],
    [
     0.0,
     0.0,
     0.0,
     1.0
    ]
   ]
  },
  {
   "file_path": "./medical/cardiac/136.1344537815126.png",
   "transform_matrix": [
    [
     -0.7209679460372249,
     -4.2432077416749175e-17,
     0.6929684125462466,
     82.23996267927826
    ],
    [
     0.6929684125462466,
     -4.4146554370116456e-17,
     0.7209679460372249,
     -33.11490868667772
    ],
    [
     0.0,
     1.0,
     6.123233995736766e-17,
     0.0
    ],
    [
     0.0,
     0.0,
     0.0,
     1.0
    ]
   ]
  },
  {
   "file_path": "./medical/cardiac/139.1596638655462.png",
   "transform_matrix": [
    [
     -0.7565348610716958,
     -4.00430947801286e-17,
     0.6539533652969682,
     88.2065196619782
    ],
    [
     0.6539533652969682,
     -4.632439980274199e-17,
     0.7565348610716958,
     -32.83905810949312
    ],
    [
     0.0,
     1.0,
     6.123233995736766e-17,
     0.0
    ],
    [
     0.0,
     0.0,
     0.0,
     1.0
    ]
   ]
  },
  {
   "file_path": "./medical/cardiac/142.18487394957984.png",
   "transform_matrix": [
    [
     -0.7899931777585879,
     -3.7542504856349127e-17,
     0.6131156327275371,
     94.15020360248405
    ],
    [
     0.6131156327275371,
     -4.8373130824515034e-17,
     0.7899931777585879,
     -32.248704838890006
    ],
    [
     0.0,
     1.0,
     6.123233995736766e-17,
     0.0
    ],
    [
     0.0,
     0.0,
     0.0,
     1.0
    ]
   ]
  },
  {
   "file_path": "./medical/cardiac/145.21008403361344.png",
   "transform_matrix": [
    [
     -0.8212496417683136,
     -3.4937277238026483e-17,
     0.570569036923155,
     100.0544483876127
    ],
    [
     0.570569036923155,
     -5.028703725462379e-17,
     0.8212496417683136,
     -31.345494295317494
    ],
    [
     0.0,
     1.0,
     6.123233995736766e-17,
     0.0
    ],
    [
     0.0,
     0.0,
     0.0,
     1.0
    ]
   ]
  },
  {
   "file_path": "./medical/cardiac/148.23529411764704.png",
   "transform_matrix": [
    [
     -0.850217135729614,
     -3.223467316179861e-17,
     0.5264321628773561,
     105.90279782818064
    ],
    [
     0.5264321628773561,
     -5.2060784692575127e-17,
     0.850217135729614,
     -30.1319438885576
    ],
    [
     0.0,
     1.0,
     6.123233995736766e-17,
     0.0
    ],
    [
     0.0,
     0.0,
     0.0,
     1.0
    ]
   ]
  },
  {
   "file_path": "./medical/cardiac/151.26050420168067.png",
   "transform_matrix": [
    [
     -0.8768149220412986,
     -2.944222526995667e-17,
     0.48082802797435953,
     111.67895152535513
    ],
    [
     0.48082802797435953,
     -5.368942938612562e-17,
     0.8768149220412986,
     -28.611436001252656
    ],
    [
     0.0,
     1.0,
     6.123233995736766e-17,
     0.0
    ],
    [
     0.0,
     0.0,
     0.0,
     1.0
    ]
   ]
  },
  {
   "file_path": "./medical/cardiac/154.28571428571428.png",
   "transform_matrix": [
    [
     -0.900968867902419,
     -2.6567716615620147e-17,
     0.43388373911755823,
     117.36681030278886
    ],
    [
     0.43388373911755823,
     -5.51684320104056e-17,
     0.900968867902419,
     -26.788208561598182
    ],
    [
     0.0,
     1.0,
     6.123233995736766e-17,
     0.0
    ],
    [
     0.0,
     0.0,
     0.0,
     1.0
    ]
   ]
  },
  {
   "file_path": "./medical/cardiac/157.3109243697479.png",
   "transform_matrix": [
    [
     -0.9226116519336829,
     -2.3619158969971728e-17,
     0.38573013845977966,
     122.95052107791226
    ],
    [
     0.38573013845977966,
     -5.649367031983183e-17,
     0.9226116519336829,
     -24.667343231477005
    ],
    [
     0.0,
     1.0,
     6.123233995736766e-17,
     0.0
    ],
    [
     0.0,
     0.0,
     0.0,
     1.0
    ]
   ]
  },
  {
   "file_path": "./medical/cardiac/160.3361344537815.png",
   "transform_matrix": [
    [
     -0.9416829518142116,
     -2.0604770492014083e-17,
     0.33650143872273913,
     128.4145210473178
    ],
    [
     0.33650143872273913,
     -5.766145063754527e-17,
     0.9416829518142116,
     -22.25475124295606
    ],
    [
     0.0,
     1.0,
     6.123233995736766e-17,
     0.0
    ],
    [
     0.0,
     0.0,
     0.0,
     1.0
    ]
   ]
  },
  {
   "file_path": "./medical/cardiac/163.3613445378151.png",
   "transform_matrix": [
    [
     -0.958129612410668,
     -1.7532952823086794e-17,
     0.2863348491221129,
     133.7435810630844
    ],
    [
     0.2863348491221129,
     -5.866851815035093e-17,
     0.958129612410668,
     -19.557156922622468
    ],
    [
     0.0,
     1.0,
     6.123233995736766e-17,
     0.0
    ],
    [
     0.0,
     0.0,
     0.0,
     1.0
    ]
   ]
  },
  {
   "file_path": "./medical/cardiac/166.38655462184875.png",
   "transform_matrix": [
    [
     -0.9719057939301476,
     -1.4412267669984895e-17,
     0.23537019294084263,
     138.9228480791444
    ],
    [
     0.23537019294084263,
     -5.951206598046611e-17,
     0.9719057939301476,
     -16.582078949679214
    ],
    [
     0.0,
     1.0,
     6.123233995736766e-17,
     0.0
    ],
    [
     0.0,
     0.0,
     0.0,
     1.0
    ]
   ]
  },
  {
   "file_path": "./medical/cardiac/169.41176470588235.png",
   "transform_matrix": [
    [
     -0.9829730996839018,
     -1.1251412941946623e-17,
     0.18374951781657037,
     143.93788654938652
    ],
    [
     0.18374951781657037,
     -6.018974300879212e-17,
     0.9829730996839018,
     -13.33780940003777
    ],
    [
     0.0,
     1.0,
     6.123233995736766e-17,
     0.0
    ],
    [
     0.0,
     0.0,
     0.0,
     1.0
    ]
   ]
  },
  {
   "file_path": "./medical/cardiac/172.43697478991595.png",
   "transform_matrix": [
    [
     -0.9913006831057968,
     -8.059198508020259e-18,
     0.13161669982939386,
     148.77471866211224
    ],
    [
     0.13161669982939386,
     -6.069966042790493e-17,
     0.9913006831057968,
     -9.833390634815245
    ],
    [
     0.0,
     1.0,
     6.123233995736766e-17,
     0.0
    ],
    [
     0.0,
     0.0,
     0.0,
     1.0
    ]
   ]
  },
  {
   "file_path": "./medical/cardiac/175.46218487394958.png",
   "transform_matrix": [
    [
     -0.996865333727226,
     -4.844521642378864e-18,
     0.07911704249342437,
     153.41986329870412
    ],
    [
     0.07911704249342437,
     -6.104039700650027e-17,
     0.996865333727226,
     -6.078590097652025
    ],
    [
     0.0,
     1.0,
     6.123233995736766e-17,
     0.0
    ],
    [
     0.0,
     0.0,
     0.0,
     1.0
    ]
   ]
  },
  {
   "file_path": "./medical/cardiac/178.48739495798318.png",
   "transform_matrix": [
    [
     -0.9996515418688489,
     -1.6163422260216707e-18,
     0.026396871769836513,
     157.860373607921
    ],
    [
     0.026396871769836513,
     -6.121100305062011e-17,
     0.9996515418688489,
     -2.08387309109483
    ],
    [
     0.0,
     1.0,
     6.123233995736766e-17,
     0.0
    ],
    [
     0.0,
     0.0,
     0.0,
     1.0
    ]
   ]
  },
  {
   "file_path": "./medical/cardiac/181.5126050420168.png",
   "transform_matrix": [
    [
     -0.9996515418688489,
     1.6163422260216287e-18,
     -0.026396871769835826,
     162.08387309109477
    ],
    [
     -0.026396871769835826,
     -6.121100305062011e-17,
     0.9996515418688489,
     2.139626392078952
    ],
    [
     0.0,
     1.0,
     6.123233995736766e-17,
     0.0
    ],
    [
     0.0,
     0.0,
     0.0,
     1.0
    ]
   ]
  },
  {
   "file_path": "./medical/cardiac/184.53781512605042.png",
   "transform_matrix": [
    [
     -0.996865333727226,
     4.844521642378876e-18,
     -0.07911704249342456,
     166.07859009765204
    ],
    [
     -0.07911704249342456,
     -6.104039700650027e-17,
     0.996865333727226,
     6.580136701295885
    ],
    [
     0.0,
     1.0,
     6.123233995736766e-17,
     0.0
    ],
    [
     0.0,
     0.0,
     0.0,
     1.0
    ]
   ]
  },
  {
   "file_path": "./medical/cardiac/187.56302521008402.png",
   "transform_matrix": [
    [
     -0.9913006831057968,
     8.059198508020217e-18,
     -0.13161669982939317,
     169.8333906348152
    ],
    [
     -0.13161669982939317,
     -6.069966042790493e-17,
     0.9913006831057968,
     11.225281337887708
    ],
    [
     0.0,
     1.0,
     6.123233995736766e-17,
     0.0
    ],
    [
     0.0,
     0.0,
     0.0,
     1.0
    ]
   ]
  },
  {
   "file_path": "./medical/cardiac/190.58823529411765.png",
   "transform_matrix": [
    [
     -0.9829730996839018,
     1.1251412941946635e-17,
     -0.18374951781657056,
     173.33780940003777
    ],
    [
     -0.18374951781657056,
     -6.018974300879212e-17,
     0.9829730996839018,
     16.062113450613502
    ],
    [
     0.0,
     1.0,
     6.123233995736766e-17,
     0.0
    ],
    [
     0.0,
     0.0,
     0.0,
     1.0
    ]
   ]
  },
  {
   "file_path": "./medical/cardiac/193.61344537815125.png",
   "transform_matrix": [
    [
     -0.9719057939301476,
     1.441226766998488e-17,
     -0.23537019294084238,
     176.58207894967921
    ],
    [
     -0.23537019294084238,
     -5.951206598046611e-17,
     0.9719057939301476,
     21.077151920855584
    ],
    [
     0.0,
     1.0,
     6.123233995736766e-17,
     0.0
    ],
    [
     0.0,
     0.0,
     0.0,
     1.0
    ]
   ]
  },
  {
   "file_path": "./medical/cardiac/196.63865546218486.png",
   "transform_matrix": [
    [
     -0.9581296124106682,
     1.7532952823086757e-17,
     -0.28633484912211227,
     179.55715692262243
    ],
    [
     -0.28633484912211227,
     -5.866851815035095e-17,
     0.9581296124106682,
     26.256418936915523
    ],
    [
     0.0,
     1.0,
     6.123233995736766e-17,
     0.0
    ],
    [
     0.0,
     0.0,
     0.0,
     1.0
    ]
   ]
  },
  {
   "file_path": "./medical/cardiac/199.6638655462185.png",
   "transform_matrix": [
    [
     -0.9416829518142115,
     2.06047704920141e-17,
     -0.33650143872273935,
     182.25475124295605
    ],
    [
     -0.33650143872273935,
     -5.766145063754526e-17,
     0.9416829518142115,
     31.58547895268223
    ],
    [
     0.0,
     1.0,
     6.123233995736766e-17,
     0.0
    ],
    [
     0.0,
     0.0,
     0.0,
     1.0
    ]
   ]
  },
  {
   "file_path": "./medical/cardiac/202.6890756302521.png",
   "transform_matrix": [
    [
     -0.922611651933683,
     2.3619158969971712e-17,
     -0.38573013845977944,
     184.667343231477
    ],
    [
     -0.38573013845977944,
     -5.649367031983185e-17,
     0.922611651933683,
     37.049478922087715
    ],
    [
     0.0,
     1.0,
     6.123233995736766e-17,
     0.0
    ],
    [
     0.0,
     0.0,
     0.0,
     1.0
    ]
   ]
  },
  {
   "file_path": "./medical/cardiac/205.71428571428572.png",
   "transform_matrix": [
    [
     -0.9009688679024191,
     2.6567716615620132e-17,
     -0.433883739117558,
     186.7882085615982
    ],
    [
     -0.433883739117558,
     -5.5168432010405605e-17,
     0.9009688679024191,
     42.63318969721111
    ],
    [
     0.0,
     1.0,
     6.123233995736766e-17,
     0.0
    ],
    [
     0.0,
     0.0,
     0.0,
     1.0
    ]
   ]
  },
  {
   "file_path": "./medical/cardiac/208.73949579831933.png",
   "transform_matrix": [
    [
     -0.8768149220412987,
     2.9442225269956655e-17,
     -0.4808280279743593,
     188.61143600125263
    ],
    [
     -0.4808280279743593,
     -5.368942938612563e-17,
     0.8768149220412987,
     48.32104847464485
    ],
    [
     0.0,
     1.0,
     6.123233995736766e-17,
     0.0
    ],
    [
     0.0,
     0.0,
     0.0,
     1.0
    ]
   ]
  },
  {
   "file_path": "./medical/cardiac/211.76470588235293.png",
   "transform_matrix": [
    [
     -0.8502171357296143,
     3.223467316179857e-17,
     -0.5264321628773555,
     190.1319438885576
    ],
    [
     -0.5264321628773555,
     -5.2060784692575145e-17,
     0.8502171357296143,
     54.09720217181929
    ],
    [
     0.0,
     1.0,
     6.123233995736766e-17,
     0.0
    ],
    [
     0.0,
     0.0,
     0.0,
     1.0
    ]
   ]
  },
  {
   "file_path": "./medical/cardiac/214.78991596638656.png",
   "transform_matrix": [
    [
     -0.8212496417683135,
     3.49372772380265e-17,
     -0.5705690369231552,
     191.3454942953175
    ],
    [
     -0.5705690369231552,
     -5.028703725462378e-17,
     0.8212496417683135,
     59.945551612387334
    ],
    [
     0.0,
     1.0,
     6.123233995736766e-17,
     0.0
    ],
    [
     0.0,
     0.0,
     0.0,
     1.0
    ]
   ]
  },
  {
   "file_path": "./medical/cardiac/217.81512605042016.png",
   "transform_matrix": [
    [
     -0.789993177758588,
     3.7542504856349114e-17,
     -0.6131156327275369,
     192.24870483888998
    ],
    [
     -0.6131156327275369,
     -4.837313082451504e-17,
     0.789993177758588,
     65.8497963975159
    ],
    [
     0.0,
     1.0,
     6.123233995736766e-17,
     0.0
    ],
    [
     0.0,
     0.0,
     0.0,
     1.0
    ]
   ]
  },
  {
   "file_path": "./medical/cardiac/220.84033613445376.png",
   "transform_matrix": [
    [
     -0.7565348610716962,
     4.004309478012856e-17,
     -0.6539533652969677,
     192.83905810949312
    ],
    [
     -0.6539533652969677,
     -4.632439980274202e-17,
     0.7565348610716962,
     71.79348033802172
    ],
    [
     0.0,
     1.0,
     6.123233995736766e-17,
     0.0
    ],
    [
     0.0,
     0.0,
     0.0,
     1.0
    ]
   ]
  },
  {
   "file_path": "./medical/cardiac/223.8655462184874.png",
   "transform_matrix": [
    [
     -0.7209679460372248,
     4.243207741674918e-17,
     -0.6929684125462467,
     193.11490868667772
    ],
    [
     -0.6929684125462467,
     -4.414655437011645e-17,
     0.7209679460372248,
     77.76003732072175
    ],
    [
     0.0,
     1.0,
     6.123233995736766e-17,
     0.0
    ],
    [
     0.0,
     0.0,
     0.0,
     1.0
    ]
   ]
  },
  {
   "file_path": "./medical/cardiac/226.890756302521.png",
   "transform_matrix": [
    [
     -0.6833915640265489,
     4.470279424312203e-17,
     -0.7300520325410699,
     193.07548772540952
    ],
    [
     -0.7300520325410699,
     -4.1845664572470826e-17,
     0.6833915640265489,
     83.73283748116168
    ],
    [
     0.0,
     1.0,
     6.123233995736766e-17,
     0.0
    ],
    [
     0.0,
     0.0,
     0.0,
     1.0
    ]
   ]
  },
  {
   "file_path": "./medical/cardiac/229.9159663865546.png",
   "transform_matrix": [
    [
     -0.6439104471559158,
     4.684891636418325e-17,
     -0.765100866581308,
     192.7209050989779
    ],
    [
     -0.765100866581308,
     -3.9428143402351663e-17,
     0.6439104471559158,
     89.69523355403138
    ],
    [
     0.0,
     1.0,
     6.123233995736766e-17,
     0.0
    ],
    [
     0.0,
     0.0,
     0.0,
     1.0
    ]
   ]
  },
  {
   "file_path": "./medical/cardiac/232.94117647058823.png",
   "transform_matrix": [
    [
     -0.6026346363792565,
     4.886446215265955e-17,
     -0.7980172272802394,
     192.0521490927597
    ],
    [
     -0.7980172272802394,
     -3.690072892485928e-17,
     0.6026346363792565,
     95.63060727207863
    ],
    [
     0.0,
     1.0,
     6.123233995736766e-17,
     0.0
    ],
    [
     0.0,
     0.0,
     0.0,
     1.0
    ]
   ]
  },
  {
   "file_path": "./medical/cardiac/235.96638655462183.png",
   "transform_matrix": [
    [
     -0.5596791747843082,
     5.0743813920936344e-17,
     -0.8287093708368186,
     191.07108364969014
    ],
    [
     -0.8287093708368186,
     -3.427046549745175e-17,
     0.5596791747843082,
     101.52241568420084
    ],
    [
     0.0,
     1.0,
     6.123233995736766e-17,
     0.0
    ],
    [
     0.0,
     0.0,
     0.0,
     1.0
    ]
   ]
  },
  {
   "file_path": "./medical/cardiac/238.99159663865547.png",
   "transform_matrix": [
    [
     -0.5151637869468959,
     5.248173357856066e-17,
     -0.8570917527421047,
     189.78044317512004
    ],
    [
     -0.8570917527421047,
     -3.154468413605725e-17,
     0.5151637869468959,
     107.35423726361671
    ],
    [
     0.0,
     1.0,
     6.123233995736766e-17,
     0.0
    ],
    [
     0.0,
     0.0,
     0.0,
     1.0
    ]
   ]
  },
  {
   "file_path": "./medical/cardiac/242.01680672268907.png",
   "transform_matrix": [
    [
     -0.469212545237066,
     5.4073377231738776e-17,
     -0.8830852662071508,
     188.18382491553734
    ],
    [
     -0.8830852662071508,
     -2.8730982082217775e-17,
     0.469212545237066,
     113.10981767760677
    ],
    [
     0.0,
     1.0,
     6.123233995736766e-17,
     0.0
    ],
    [
     0.0,
     0.0,
     0.0,
     1.0
    ]
   ]
  },
  {
   "file_path": "./medical/cardiac/245.04201680672267.png",
   "transform_matrix": [
    [
     -0.42195352400713826,
     5.551430868413692e-17,
     -0.9066174626478123,
     186.28567893239605
    ],
    [
     -0.9066174626478123,
     -2.5837201628214387e-17,
     0.42195352400713826,
     118.77311509125391
    ],
    [
     0.0,
     1.0,
     6.123233995736766e-17,
     0.0
    ],
    [
     0.0,
     0.0,
     0.0,
     1.0
    ]
   ]
  },
  {
   "file_path": "./medical/cardiac/248.0672268907563.png",
   "transform_matrix": [
    [
     -0.37351844262551204,
     5.680051180135627e-17,
     -0.9276227536119476,
     184.09129569899676
    ],
    [
     -0.9276227536119476,
     -2.2871408259191882e-17,
     0.37351844262551204,
     124.32834487891485
    ],
    [
     0.0,
     1.0,
     6.123233995736766e-17,
     0.0
    ],
    [
     0.0,
     0.0,
     0.0,
     1.0
    ]
   ]
  },
  {
   "file_path": "./medical/cardiac/251.0924369747899.png",
   "transform_matrix": [
    [
     -0.32404229835116627,
     5.792840170461968e-17,
     -0.9460425935861946,
     181.60679135498887
    ],
    [
     -0.9460425935861946,
     -1.9841868173205372e-17,
     0.32404229835116627,
     129.76002361880225
    ],
    [
     0.0,
     1.0,
     6.123233995736766e-17,
     0.0
    ],
    [
     0.0,
     0.0,
     0.0,
     1.0
    ]
   ]
  },
  {
   "file_path": "./medical/cardiac/254.11764705882354.png",
   "transform_matrix": [
    [
     -0.2736629900720831,
     5.889483476247186e-17,
     -0.961825643172819,
     178.83909065959216
    ],
    [
     -0.961825643172819,
     -1.6757025241843525e-17,
     0.2736629900720831,
     135.05301224805888
    ],
    [
     0.0,
     1.0,
     6.123233995736766e-17,
     0.0
    ],
    [
     0.0,
     0.0,
     0.0,
     1.0
    ]
   ]
  },
  {
   "file_path": "./medical/cardiac/257.1428571428571.png",
   "transform_matrix": [
    [
     -0.22252093395631545,
     5.969711735264409e-17,
     -0.9749279121818234,
     175.79590769105113
    ],
    [
     -0.9749279121818234,
     -1.3625477475644064e-17,
     0.22252093395631545,
     140.19255825804063
    ],
    [
     0.0,
     1.0,
     6.123233995736766e-17,
     0.0
    ],
    [
     0.0,
     0.0,
     0.0,
     1.0
    ]
   ]
  },
  {
   "file_path": "./medical/cardiac/260.16806722689074.png",
   "transform_matrix": [
    [
     -0.1707586720869376,
     6.033301336966267e-17,
     -0.9853128822394974,
     172.4857243461148
    ],
    [
     -0.9853128822394974,
     -1.045595305989603e-17,
     0.1707586720869376,
     145.1643368122048
    ],
    [
     0.0,
     1.0,
     6.123233995736766e-17,
     0.0
    ],
    [
     0.0,
     0.0,
     0.0,
     1.0
    ]
   ]
  },
  {
   "file_path": "./medical/cardiac/263.1932773109244.png",
   "transform_matrix": [
    [
     -0.11852047517170264,
     6.080075045727577e-17,
     -0.9929516085716734,
     168.91776669947006
    ],
    [
     -0.9929516085716734,
     -7.25728602762245e-18,
     0.11852047517170264,
     149.95449067199766
    ],
    [
     0.0,
     1.0,
     6.123233995736766e-17,
     0.0
    ],
    [
     0.0,
     0.0,
     0.0,
     1.0
    ]
   ]
  },
  {
   "file_path": "./medical/cardiac/266.21848739495795.png",
   "transform_matrix": [
    [
     -0.06595194043469614,
     6.109902494832833e-17,
     -0.9978228006780053,
     165.10197928901613
    ],
    [
